000010000000000000100010000000000000000000000000011010000000,0.05998203053582937,3557.1735836196713
010000001100010000000001000000110000001001110000010000100100,0.15832881344302954,6149.597632319739
000000000100000100001000000100000100000001000000000010000000,0.09111728507588795,4520.581081631493
100010000000000000100000001100001100010110000000000001000000,0.08292766124579944,7436.101181978763
000000000000000000000000000000010001000000000000000000000000,0.054144065624999994,427.8571377677414
000001110000000001000000000100000001000001000000000100000000,0.07826370352770785,5839.738213354616
000000000001000000000000000010000000000000010100000000000000,0.06140520000000001,1541.652076833233
100100000001000000100001010100010000100100000001000000100001,0.09383747461186871,5754.381292211661
000000000101010000000000000000000000000000000100010000000000,0.08934424011216667,1887.871841261961
000001001011000000000000010000000000001001000000100110000000,0.06074171752992037,6500.983366385842
000010000000000000000000000000000000000000000000000000000000,0.0,630.0049883692784
000000000000000000000000000000001000000000000000000010000010,0.031321332734375,1393.0687050624301
000000000001000000100000000000101000000001101001110111010000,0.11983524291804161,7593.46030914289
000000000000111100000000000000010010000000100000010011100100,0.06421625429482161,6284.680176764333
000000011001000000000000010000000100000000000000000000001000,0.09426229481365009,2676.9223784667756
000001101000000100010010000000110000000001001100110001000000,0.08184008964469383,7006.769211255436
000001000100000000100000100110010000000000000000001110000001,0.0760517150184328,7044.278222213374
001100000001000010010100000001001000010000010000000000000010,0.08721666428245775,5994.3402514861955
010000000000100000000010000010000010000000000000000010000110,0.1332704663162696,2938.2587716915823
010000001000000001000000000000001011000010010000000000000000,0.09172225212604537,4113.865670197982
000000000000010000110010000000000000100100100000000001000001,0.10567695992113649,3927.3388170668795
000001001000001000000001000000000000100010111000000101001000,0.10711774335815895,6887.940194315746
000000000000010001111001000001000001000010001010011010000000,0.0908603184299384,8753.699442497045
000001000000000010000100000100010000100000010100101000000000,0.09888880845424544,5038.206944694115
000000000000001000001100000000010101000000010000000000101000,0.11577880334158518,4390.796817015017
000000000000000000000000000000000000000000000000000010000000,0.014985427700000003,598.2172932223544
000100000000100000010000001000100100010000000000000000101000,0.09546646238592774,4714.210280847712
000001000000000110001010010000000000000001000100000000001010,0.10925184222389964,5953.473813580313
010001001100000100000000001110000010000111000010100000000000,0.05225123003783005,8996.946890123452
000000000000000000000000010011100010000000000001000001000001,0.08816645316464385,5102.562942038275
000100101100000000000000000010100000000010000000000000000001,0.11743995039041974,4130.670788823228
010011000000100010100010001000000000000000000000000000000101,0.12583199908075066,6385.697629161265
000000000000000000000010100100000000000000000000000000101000,0.060250326120375175,2609.575890179422
000000000000001000001000000000001000000000000001001000000000,0.0683779166561578,3367.494649635568
000010100000000000000000001100000000000000000000000000000000,0.03288267913755447,2909.2949807492814
000001010000000100000010000000000000010010000101000010000110,0.10652836030819364,5919.416923952711
000000000100000011000100000001100001010000000100000010110110,0.1222765280463603,7621.284497861641
001001000000000000100001000000000000000000010000001000000100,0.12942849455291663,4554.676578194127
100011001000000010000101110000000001001000000101000100000000,0.10849933512746915,8653.970466225313
100010000000100000010000100110001000001000100000000000000010,0.09364941755598746,5613.093948558722
010000000000100001001100001100000000001000000000000100000110,0.06547566905511744,6247.916068286657
010100000011000000000000001000010010000000000001100010100100,0.12090678025267,5454.239621422074
000000000001010000000000100000000100100000000100000100000001,0.09355046336507372,3320.0456058242203
000000000100000010010100000000001010001100010000000001100110,0.07641576250667768,6892.730527747677
000001000000010000000000000000110000000110100000100000000000,0.10178372830898251,4230.126480880685
000000000000010000000100000000000000000000000100000000000100,0.05724038161213486,1646.411448816878
000010001010010000100000010000000011000100000000001010000010,0.13970513443814514,6875.3281906241045
001001000000000000010010100100100000000000000101001000000001,0.11092056666424409,5992.285737510639
000000000000000001000000010000000000000000000000000000000000,0.030751654416775135,1277.1558166730238
010000100000000000000000000000001000001000000000000000000000,0.0601366575,1944.3768271606882
001100000100000000000000000011100101000000000100100000000000,0.051412021495445735,6301.328820358146
000000000000000100000000000000000000000010001000000000000000,0.009254600422418406,2413.3245204167038
000000000000000000000000000000000000001000000001000000000100,0.09867101818605933,1385.7809470403743
000100011000000000000000010001000000011000000000000010110000,0.09849885271239588,4624.561433276209
100000100110000001101000100000000010001000100000000000001000,0.1352359761776003,5839.383368129616
000000100000000000000000001000000000100000000000000000001010,0.07560519313374026,2189.9731826417606
000010000000010011000000000101100000001000000100100001000000,0.061114711480315165,7939.351410753275
001000000001001001100000001000000001000000000000001000000000,0.09407228951733056,5256.05633118121
000000000000100010000000000001000000000100000000000000000000,0.05070214268899967,3258.47722028583
000000000001000000000000000000000000000000000000000000000010,0.07973918070937501,577.4040889322498
000100010000100000000010000001000001010110000000000000000000,0.07631371170344778,4900.720265536892
001000000100001100000000100000000000000000011000000000000001,0.09841778721782243,4836.222026954564
010000000100000010000010101000000000001000000000000000010000,0.08443984331261227,3210.6510777390786
100000000001010010010000000111100100000001010000000010100000,0.18052710008286002,7603.134723947587
000010000101000001000000000010101000000000000010001000100000,0.10352924178347633,6338.765516175596
000000000000000100000000000100000000000000000000001010000000,0.02087089268510499,3860.1922956005883
010000000110000000000000000000000000100100001000000000000000,0.04157501228586739,2555.165253050598
000000000000000000000000000000000001000000000000000000000000,0.054144065624999994,363.9592794270581
000000100010000000000101000000000000000000000000000000000000,0.09166828054927342,1529.321172865568
000001010101010000100110100100000000001000000100000000100100,0.08824104101293727,7147.410150226491
000010000000000000000000000000000000000000000000000000000000,0.0,630.0049883692784
000000000100001000001000000000010000000001000100000000000110,0.09485110907532834,4214.83251994081
010001011000100000001000010110000010000001000010000000000000,0.07155431428151435,6503.953646589513
000000000110010000000001010000000000000000000000101000000000,0.13855133118842552,2352.7185187184136
000010001010000010000000000000000010001001000000010010000000,0.08978832828288638,6172.213001359078
000100010001000001000000010010001000000000100000000000110001,0.13852862439185964,5553.28494424299
000000010000000100001001010001000001000001000000001000001000,0.10855271784736666,6402.22951488372
010100000000000110010000010000000100000000010000000001100000,0.052642378771385126,5665.198790796561
100000000000000100000000101011000000010100001000100000101010,0.08950107214004402,7716.339856670063
000000100000000010000011000010000110000000000000000000110000,0.11595492266817932,4545.361292942996
000000000000100001101001000000000000000000000010000011000001,0.057040578713286515,5403.917036440401
000000000000000000000000000000001000000000000001000000100000,0.07860407696249999,1450.8008946109076
000000100000000000001000000000000000100000001010000000000000,0.037515818967677764,2194.4081805189358
000000010001100100100000001000000010000000000001100000001000,0.13143772103045492,4357.471738153794
000000000010000100001100010000000001000100010010100000100101,0.11645987566062646,5189.059178512928
101101010000011000000100000010100000010100000000000000001000,0.11979964666270833,7770.234621279017
000001000000000000000001000000001000000001000010001100010000,0.1061535882145765,5105.765668475563
000000100000010000000000000100000100000000000000000001000000,0.0844473001553561,2826.246162500169
000110000000000000110011000000000000010000101010001101011000,0.13684188179776538,7592.289354116932
001000001000001000100000010000000000010000000001000000000000,0.09110910040615781,3559.162538789807
110110000000010000000100000000000001000010001100100000000000,0.13018023193365277,5531.724005097669
000100000100000000000000100000010000000000010000000000000000,0.0178116037664235,1609.897105300217
101000000000100000000000000110000000101000100000010000000000,0.079393239325,4285.5688308263925
000000100000000000000000000010000000000010000000010000001010,0.09688356040899368,2708.2419372322543
000000000000000000000000000000000000000000000000000001000000,0.034490330445186075,1018.2153095018691
001100010000100000000100000100100010000000000001001100011001,0.12832757930946628,7668.286706454614
000000010000010000000000010000100000011000000001001000001000,0.13613122215237536,4691.496777340049
000000000000000000000000000000000001000100000000001000000000,0.056438019374999995,1827.184969037436
000000001000000010000000000100100101000100000000000000000000,0.015756665251287078,4319.1803400946865
001100000000100000010000000000110100010100100000000011010000,0.0851090208985751,7037.2049922431925
000000000000000000000000000000110000001000000000000000000001,0.08119670812499999,1533.7703708498445
001000001001000000000000110000111001000000000000010001000000,0.07342314513646944,6030.338765118866
001110000000001100000000000000000000000000001000000001000010,0.04680198814688308,6766.967371099379
000000011100000000100000010000110001000000000101101001100000,0.13645491073419155,6100.430793771583
000000000010000000000000000010000000000001001101011100000000,0.03745746073180399,5126.472385833746
000010000000010000000000000000010000010000000101000111010000,0.07540702549617806,4772.637796081826
100110000000100001011000001000000000100000000010100001000000,0.056230643620530214,6290.492285803364
001000101000000010100000100101100000000001001000010000000000,0.08269314000165742,7607.619359124553
001000000000010000000000000001000000000000000001001000000000,0.1118437283644741,2927.2333457151612
000000000000000000000000000000010000000000000110000000000000,0.0,786.7884475886843
000000000000000000000000000000000000000000000010000000000000,0.0,211.37761473882722
000000000000100000100000100000000000000000000000000000000000,0.049827398837499995,850.8461887706704
000000100010000000100000000100000000000000000000100000000000,0.04699045928750001,2151.9633411590544
000001000000000000000100100000000000000000000100000000000000,0.07836660404729585,2156.1913280107156
000000000000000010000000000000000000010000000000000000000000,0.0,888.6758025996386
010000000001000000001000000000010000000000000011000000000001,0.10646670138017776,2164.344798503754
000000000000000000000010000000000000100001000000000000000100,0.06491214002820667,1977.3907417558928
000100000000010000000100000001000000000101000000000000000000,0.07687932615612256,4142.483248792298
000100000000100001010001001000000000000000110100001010000010,0.09400315146707178,6803.649189907326
000000000010001000001000010001000010000000100000000001100100,0.07824965597096792,5770.895709865592
000100010010000000000000010000000000001000100010010100000001,0.05621218575720022,4237.2583880602515
000010000010000001001010000000000100001100000000000000100000,0.0505973962778334,5325.291005900833
000000000000001000000001000000000000100000000010000000000000,0.056941681875,1320.8054105341262
000000000000000000000000000001000010010000100000000000000000,0.04576657715188222,1886.3046261534087
000000000000000000000000000000000100000000000000000000010000,0.02997607945225,612.0329405407383
000001000000000000000000000000011100000011000000001001001001,0.0901535887064917,6695.431379917599
000010010000000000100001010110000000100100000000000100000000,0.10336493323789082,5417.360790386044
000100000000000100000000100010000001001001101000001010000000,0.08973559576128154,8711.253280718505
000000000000000000000000000000000000000100000001000000000000,0.009793327248985554,1273.7059648931636
000000000010001000010000110010000001000000100001000100001000,0.11842266991120885,5126.217366233714
000000000000000000000000000000000000000000000000000100000000,0.0037756079503908245,794.2360138761233
000000110000000000000001000000000010000000000101001010000100,0.13849774788215338,4331.1015318359705
000000010000000000000000100000010000000000100000000000000000,0.0334527319625,911.6239345192229
000000000110111100000001000000001000100001000010101000000101,0.0987912787326042,8224.772663809126
000000000000010100010000000000100110100001000000000001100000,0.051544735641518485,5470.8531910776355
011000000000010000000000101110100000000000000000001100000000,0.04083819251296111,6772.720175697513
001000000010000111000000000000000010000000001000001001001000,0.04894708913590262,6709.969457481632
000000001000000000000010010001000000010000000001100001100001,0.11008195315899338,4996.669132860083
000000000000000000001000010000000000000000000000010000000000,0.035526521480177764,1195.7569114625526
000000000000000000000000001000000000000000000000000000000000,0.0022939537500000005,678.0202911946997
000000000010001000100000000001000000000000000010000000000000,0.053426666228679996,2509.888535377481
000000000000000000000000000000000000000000000000010000001000,0.043955572875864456,930.3024179105577
010010000000000010010000000000101000000101010100000010010000,0.11072713181776613,6028.407626447761
100000001000000000000101000000100011000000100100100000010000,0.1809564819304536,4033.4287811382974
000000000000000000000000000010000000000000000000000000000010,0.019318107534375004,835.6487265284411
000100000000100011010100011000000000100001000000100010000000,0.10676190733433683,6867.541760134117
000000000000000000001000000000000000000000000000000000000000,0.006083620130177763,669.211364498631
000010000010000000000000000000100000000000000000000000000000,0.021594270712500002,1250.2738005693363
100000000000000000000101000000000000000000000000000000100000,0.09515580617427344,1592.4405096142202
111010000010000001100000000000000000000001000101010000000000,0.09360302319133765,6806.513995806892
001000001010000110001000000000000010011001000000000110010010,0.06327820123542555,8737.329322866366
010000000000010000000000100010000000100000000000001000000000,0.03217580625,2906.0826401658583
000110001000100000000100010010001000001000000100000000001000,0.1111083477097353,7134.653246605236
000001000000000000000000100000000000000001000000000000010000,0.07963875319643941,2349.880413827632
000100000000000000000100000000000100100000001000000000000000,0.05306178072781263,2676.7777123026917
000000000010100000000001111100010110100000000000000000010000,0.09973907317160785,4460.459344458207
000000000000000000000000000001000000000000000000000000000000,0.03425714001604683,1002.3278923577784
000001000000110000110000101001001000100000011000000000010001,0.1986215677740643,6165.520205199217
100000000001010000100000010000000010000000010000000100000000,0.12623553303789084,2519.919722681231
100100010000000000000000000000100000000000000000000000000000,0.032536047671736824,1711.4037137185755
001000000100000100000010000001000000100000000000000000000001,0.11890602005076273,4298.926951448722
000000000000010000000000010000000000010000000000000001000000,0.05993708044518608,1813.4424047834582
000100000000010001001100000000000010100110000100000100000010,0.04364188185437045,6378.154218242927
000000000100000000000000000001010000001000001000000000000100,0.07636905092147415,3685.369120298982
000000000001001000010000000000000000000010001000001010101000,0.12371516329745852,5686.598295497618
100000000000000001000000000100000000010000000011000001000001,0.09962526151791253,4678.183730603639
100001010000000011100010000000000100100010000000000100010000,0.08585214815370526,7138.3332585461785
000000000000000000000000000000000000000010000000000000000000,0.014985427700000003,598.065454921819
000000010001000000100000000000000000100000000000000000000000,0.0958652569625,1112.6567217859576
000000000001110000000001000000000000011001000000000010000000,0.13700191314310325,4580.584523303474
000100100000100000001000010000000000010100110000000001010000,0.06899217232493139,5546.662163843138
000000000001011110001100000000010000000000000000010001001000,0.10694892907761858,6335.39878397656
100001001100000000100100000100000001000000000000010001000010,0.0986077421070832,5842.18908710168
000100000001001000000100001100100000000000000100000010000000,0.07644132939554203,6465.073363162886
001000000000010000001000000100010010100000001100100101001000,0.056761038674178386,6409.342763194261
000000000000010001001000100110110011000000000000001110000000,0.04139609682482261,8248.57892149627
000000000000000000000000000000000100010000000110000000010000,0.02997607945225,1535.324330867106
000000000010000000000000000001010000000010000000000000000000,0.050360953592081786,1973.9210706347185
000001000100000000000010000000011100000010000000001100000100,0.06452409155997495,5219.982192763559
000000000000000000100000000000000001000000000000000000000000,0.0751700144625,795.515639560989
000000000000000000000001000000000000000000000000000000000000,0.054144065624999994,365.9354379217204
010000000010000000010100000010000100000000010000000110000010,0.10457404948250965,4355.095719941139
000010000000000000000010000000000000000000000000000000000000,0.0031347194250000003,883.7252352175408
000100110000000010000101100011000000010000100000001000000000,0.1025892670878103,6999.388390347757
000001101001000000000000000000000010000000000001001000010000,0.12013669783783486,3962.5241652860936
000000001000000000000100000011001110000000001000000011000000,0.07991749597999333,6556.427379824837
010110000100000000101000000000001000000010100000000001000100,0.09544367545506634,6477.387103668783
100000000000000000000000000000000000000000001000000100000000,0.018237705450390825,1694.5542061850986
000000011000001000000010000100000000011000001011000000000000,0.042106564071910026,5030.515579808017
000000000010000000001100000110010010000100000011000000000001,0.09036479351345417,5289.073553042577
011001000010100000000000000001000100100001000000000001000000,0.07187234785873955,6403.745419740115
000000000010000010001001010101001000001000110000001001000000,0.08485023331358307,7877.939671699084
000000010000001000001001010000000000001000011000000000110010,0.11401854939814386,4908.7348989491375
000000000001000000000000000000000000000000000000000000000000,0.06140520000000001,365.9354379217204
001000000100000000000100010010000000000100000000000000010000,0.08895131477967813,4387.878375164214
100001000011000001000000000000000011000000000000000000100001,0.11551805896155867,4307.064022602711
100000000000000000000000100000010010000000000000000000010000,0.04443817695225,918.9040735478139
100000000100000010000000000010000000000100001010000010010000,0.10989237581758127,4044.668645422388
000000001001100001101010000001000010000010000000010110000000,0.12329263372953525,7850.732391279336
000000000000010001000000000000000000000000000000000000000000,0.034605937623396324,1336.9998580776587